4 0.48125 0.41328125 0.1765625 0.140625
3 0.5918594015624999 0.30562143124999996 0.5303745171875 0.3055680265625 0.5090019781249999 0.347920475 0.55852736875 0.3783225796875 0.5720685265625 0.46224761093750005 0.6508577578125 0.3508843890625 0.5918594015624999 0.30562143124999996
3 0.179939978125 0.66330760625 0.1652727453125 0.6799882687500001 0.164901153125 0.680809665625 0.16194318125 0.694011425 0.17619609375 0.68568244375 0.183883090625 0.68897008125 0.179939978125 0.66330760625
3 0.22780858906249998 0.51948443125 0.2387295203125 0.5071255046875 0.2485730390625 0.50912274375 0.2450108046875 0.4839332578125 0.22825009375 0.5063407890625 0.22780858906249998 0.51948443125
3 0.303079753125 0.3359995796875 0.310143234375 0.3290772234375 0.3184008484375 0.3334212015625 0.31822271406249997 0.3093829796875 0.315018259375 0.3081465296875 0.293768759375 0.33253552656249996 0.303079753125 0.3359995796875
3 0.38142333281249996 0.1702965546875 0.3956102125 0.17360523125 0.40073025624999997 0.1858503984375 0.406515609375 0.16398457500000002 0.38537589375 0.1615269015625 0.38142333281249996 0.1702965546875
3 0.672373484375 0.78478840625 0.650772309375 0.8207893578125001 0.658847228125 0.8287536890625 0.6643061921875 0.8282212578125 0.680067403125 0.79428076875 0.672373484375 0.78478840625
3 0.7015322562499999 0.6346086843750001 0.6968649250000001 0.6258618234375 0.6877173062499999 0.643336790625 0.681358321875 0.638775784375 0.6769660203125001 0.6476892125 0.691350715625 0.65803825625 0.7015322562499999 0.6346086843750001
3 0.7181892953125 0.44018179843749994 0.7108956265625 0.45305635781250003 0.703882628125 0.45428332656250003 0.7043286109375 0.4627800796875 0.7152576328125 0.47037401250000005 0.7241486515625 0.4449996515625 0.7181892953125 0.44018179843749994
3 0.7340702968749999 0.25566985625 0.7223251921875 0.2814146265625 0.735379696875 0.2860219921875 0.7387085859375 0.2576378359375 0.7340702968749999 0.25566985625
4 0.684375 0.19921875 0.0765625 0.0921875
4 0.7296875 0.3453125 0.0625 0.1015625
4 0.703125 0.5359375 0.059375 0.109375
4 0.678125 0.721875 0.05625 0.090625
4 0.45078125 0.14140625 0.084375 0.1078125
4 0.34375 0.25859375 0.0578125 0.09375
4 0.2703125 0.4328125 0.06875 0.115625
4 0.20078125 0.6140625 0.0515625 0.096875