4 0.5953125 0.4453125 0.1125 0.1609375
3 0.7310848812499999 0.5261633453125001 0.7148564234375 0.4654227921875 0.6673403390625 0.455522709375 0.6504085093749999 0.512483246875 0.57105170625 0.548068584375 0.7019746203125 0.5964129984375 0.7310848812499999 0.5261633453125001
3 0.2685096609375 0.2139888859375 0.24814038906250002 0.2039172125 0.24723021093750003 0.2037675921875 0.2333997328125 0.204340028125 0.24540538750000002 0.2162128078125 0.24419175937499998 0.224675071875 0.2685096609375 0.2139888859375
3 0.42332471875 0.22320340781249998 0.4384308265625 0.2307187625 0.439063540625 0.2409694328125 0.46301484843749996 0.23078460625 0.4364313984375 0.22016092812500002 0.42332471875 0.22320340781249998
3 0.6245933421875 0.24898576874999997 0.633305071875 0.2541300765625 0.6311985703125 0.26343548437500003 0.6549082046875 0.2568977 0.655281634375 0.25340554375 0.625551284375 0.238872853125 0.6245933421875 0.24898576874999997
3 0.8091018890624999 0.282508703125 0.8095886421875 0.29739623593750003 0.798842621875 0.3056938703125 0.8219844234375 0.305620946875 0.8188155171875 0.2840915703125 0.8091018890624999 0.282508703125
3 0.27884775156249997 0.7324983890625 0.2375482609375 0.7206915296874999 0.231815415625 0.7307746421875 0.23378715 0.7360253546875 0.27150387187499997 0.742609603125 0.27884775156249997 0.7324983890625
3 0.4349905609375 0.7215515765625 0.442399109375 0.7146269171874999 0.42270642968749994 0.7102169859374999 0.42553017656250003 0.7027293515624999 0.415558015625 0.7007502171875 0.4091392046875 0.7176963984375 0.4349905609375 0.7215515765625
3 0.6315520609374999 0.686546996875 0.6168968578125 0.6827506234375 0.61382720625 0.6761488609375 0.605548021875 0.6788380546874999 0.6009370046875 0.6916420343749999 0.628368653125 0.6937079125000001 0.6315520609374999 0.686546996875
3 0.8181091984375 0.6533999968749999 0.7895557140625 0.6486132718750001 0.788459128125 0.662726103125 0.81739248125 0.6585019062499999 0.8181091984375 0.6533999968749999
4 0.8609375 0.58984375 0.0828125 0.0625
4 0.728125 0.671875 0.0953125 0.04375
4 0.53203125 0.696875 0.1046875 0.0390625
4 0.34296875 0.721875 0.0875 0.0390625
4 0.85625 0.34296875 0.0984375 0.0640625
4 0.71171875 0.26875 0.090625 0.0390625
4 0.51953125 0.2421875 0.109375 0.0453125
4 0.32265625 0.221875 0.09375 0.0328125