4 0.38203125 0.50234375 0.140625 0.1765625
3 0.2738935921875 0.39184268437499997 0.2738382171875 0.4536673828125 0.316419796875 0.47515688593750005 0.3469881546875 0.42535694843750005 0.4313687609375 0.41173865468750004 0.3194036671875 0.33251702031249997 0.2738935921875 0.39184268437499997
3 0.633508571875 0.8060289171875 0.6502793062500001 0.8207767546875001 0.6511051484375 0.821150378125 0.6643784328125 0.8241243375 0.656004665625 0.8097928796874999 0.6593103453125 0.8020633078125 0.633508571875 0.8060289171875
3 0.48890661562500004 0.7578996765625 0.47648095625 0.7469187265625 0.478489296875 0.73702075 0.45316308593750004 0.7406033609375 0.47569169687499996 0.7574560921875 0.48890661562500004 0.7578996765625
3 0.3044286140625 0.6822175234375 0.2974689015625 0.6751151921874999 0.3018366703125 0.666811821875 0.277668059375 0.666991596875 0.2764248171875 0.6702137953125 0.300945515625 0.691580071875 0.3044286140625 0.6822175234375
3 0.13782896718749998 0.6034454859375 0.141155978125 0.589180109375 0.153467703125 0.5840314328125 0.131483440625 0.578214703125 0.12901185625 0.5994713218750001 0.13782896718749998 0.6034454859375
3 0.7556617390625 0.310870515625 0.7918573671875 0.33259009375000004 0.7998651156250001 0.324470328125 0.799329946875 0.31898120625000004 0.765205796875 0.3031338140625 0.7556617390625 0.310870515625
3 0.6046682484375 0.2815546953125 0.5958738171875 0.2862480609375 0.6134433171875 0.29544576093749997 0.6088574015625 0.3018400140625 0.6178190531250001 0.30625634687500003 0.6282246234375 0.29179186874999996 0.6046682484375 0.2815546953125
3 0.409187259375 0.2648109140625 0.42213145 0.272144540625 0.4233648828125 0.279196265625 0.431907734375 0.27874758593750004 0.4395431546875 0.267757953125 0.41403140625 0.2588184890625 0.409187259375 0.2648109140625
3 0.22367497187500002 0.24884718593750002 0.24955905781249998 0.26065650156250003 0.254191771875 0.24752972031249998 0.22565375 0.2441832078125 0.22367497187500002 0.24884718593750002
4 0.1671875 0.2984375 0.0921875 0.0765625
4 0.3140625 0.25390625 0.1015625 0.0625
4 0.50546875 0.2796875 0.109375 0.0609375
4 0.69296875 0.3046875 0.0921875 0.0578125
4 0.10859375 0.53359375 0.1078125 0.084375
4 0.22734375 0.64140625 0.09375 0.0578125
4 0.40234375 0.715625 0.1171875 0.06875
4 0.584375 0.78515625 0.0984375 0.0515625