1 0.5984375 0.40078125 0.0359375 0.025
1 0.5890625 0.58828125 0.040625 0.025
1 0.58671875 0.9734375 0.053125 0.040625
1 0.5140625 0.9640625 0.053125 0.0375
1 0.50390625 0.14375 0.0484375 0.021875
1 0.44375 0.95703125 0.0484375 0.0359375
1 0.375 0.95703125 0.0484375 0.0453125
1 0.3609375 0.14765625 0.0359375 0.021875
1 0.31484375 0.9484375 0.0484375 0.040625
1 0.24375 0.9421875 0.06875 0.040625
1 0.22578125 0.14765625 0.040625 0.025
1 0.1609375 0.50234375 0.0484375 0.046875
1 0.096875 0.15625 0.040625 0.0171875
1 0.8671875 0.3953125 0.040625 0.0234375
1 0.85859375 0.5953125 0.0484375 0.025
1 0.83046875 0.9875 0.0890625 0.025
1 0.80078125 0.1390625 0.04375 0.0296875
1 0.75390625 0.98515625 0.040625 0.0296875
1 0.73203125 0.40625 0.04375 0.03125
1 0.715625 0.63046875 0.0359375 0.0375
1 0.66796875 0.98046875 0.0609375 0.0390625
1 0.64921875 0.1390625 0.040625 0.034375