1 0.38125 0.38046875 0.0328125 0.0421875
1 0.571875 0.428125 0.034375 0.046875
1 0.96640625 0.50703125 0.0515625 0.0625
1 0.9421875 0.5796875 0.05 0.0609375
1 0.09921875 0.42578125 0.03125 0.053125
1 0.9203125 0.65 0.046875 0.05625
1 0.90703125 0.7203125 0.05625 0.0578125
1 0.075 0.5734375 0.028125 0.040625
1 0.88671875 0.78046875 0.0515625 0.0578125
1 0.86640625 0.8515625 0.0546875 0.078125
1 0.0484375 0.71171875 0.034375 0.046875
1 0.3984375 0.8484375 0.0578125 0.0578125
1 0.03125 0.84609375 0.0265625 0.0453125
1 0.4296875 0.10546875 0.0328125 0.046875
1 0.6328125 0.153125 0.0359375 0.0546875
1 0.15390625 0.12265625 0.0390625 0.0515625
1 0.41328125 0.24609375 0.040625 0.0515625
1 0.640625 0.30703125 0.046875 0.0453125
1 0.98203125 0.428125 0.0359375 0.071875
1 0.12421875 0.27734375 0.0421875 0.0484375