1 0.69140625 0.40859375 0.0421875 0.034375
1 0.63671875 0.59765625 0.046875 0.0359375
1 0.54375 0.98046875 0.0625 0.0390625
1 0.47265625 0.96171875 0.0625 0.0515625
1 0.65546875 0.12421875 0.053125 0.0328125
1 0.403125 0.9375 0.0578125 0.0484375
1 0.33359375 0.921875 0.059375 0.05625
1 0.509375 0.0953125 0.0421875 0.0296875
1 0.27421875 0.8984375 0.0578125 0.053125
1 0.20390625 0.87578125 0.0796875 0.0578125
1 0.371875 0.0640625 0.046875 0.0359375
1 0.2234375 0.40859375 0.059375 0.0578125
1 0.2390625 0.0421875 0.0453125 0.028125
1 0.11484375 0.0140625 0.0359375 0.028125
1 0.96484375 0.46640625 0.046875 0.034375
1 0.909375 0.66640625 0.0546875 0.0375
1 0.95703125 0.18984375 0.053125 0.040625
1 0.825 0.4453125 0.053125 0.0421875
1 0.75625 0.66953125 0.0453125 0.0484375
1 0.6234375 0.99375 0.071875 0.0125
1 0.8046875 0.15390625 0.0484375 0.04375