1 0.36796875 0.3234375 0.053125 0.0984375
1 0.384375 0.178125 0.0828125 0.09375
1 0.38359375 0.49140625 0.0828125 0.0875
1 0.40078125 0.61015625 0.065625 0.0890625
1 0.40625 0.7953125 0.0828125 0.1
1 0.44609375 0.31796875 0.05625 0.0953125
1 0.459375 0.196875 0.0875 0.09375
1 0.46484375 0.48828125 0.0859375 0.05625
1 0.4796875 0.57578125 0.0875 0.0828125
1 0.4765625 0.75234375 0.1 0.0828125
1 0.52890625 0.91484375 0.096875 0.109375
1 0.5421875 0.71640625 0.0765625 0.09375
1 0.5875 0.8515625 0.0765625 0.0734375
1 0.6359375 0.78125 0.0875 0.090625
1 0.28984375 0.31875 0.06875 0.0890625
1 0.28828125 0.4859375 0.075 0.1234375
1 0.315625 0.14140625 0.0765625 0.1
1 0.325 0.6421875 0.0765625 0.1125