1 0.66171875 0.34609375 0.1015625 0.059375
1 0.80859375 0.34296875 0.0984375 0.090625
1 0.496875 0.3859375 0.0921875 0.0890625
1 0.3796875 0.41953125 0.09375 0.0734375
1 0.19609375 0.45078125 0.1046875 0.090625
1 0.67734375 0.42421875 0.0984375 0.0625
1 0.8 0.41953125 0.0984375 0.09375
1 0.51015625 0.46640625 0.0609375 0.0890625
1 0.42578125 0.49296875 0.0890625 0.0921875
1 0.2484375 0.51484375 0.090625 0.1046875
1 0.09453125 0.58984375 0.115625 0.1046875
1 0.29375 0.57578125 0.0984375 0.0828125
1 0.16484375 0.63984375 0.078125 0.0796875
1 0.2421875 0.67734375 0.0953125 0.09375
1 0.6546875 0.26796875 0.09375 0.0765625
1 0.48828125 0.290625 0.128125 0.0828125
1 0.834375 0.26953125 0.1046875 0.0828125
1 0.3375 0.3484375 0.11875 0.084375