1 0.73828125 0.371875 0.1109375 0.0671875
1 0.89296875 0.40625 0.1078125 0.1
1 0.55625 0.36953125 0.1015625 0.1
1 0.4265625 0.375 0.103125 0.08125
1 0.22734375 0.36015625 0.115625 0.1015625
1 0.73515625 0.45625 0.1078125 0.071875
1 0.86328125 0.484375 0.1078125 0.103125
1 0.54921875 0.4578125 0.0703125 0.0984375
1 0.4546875 0.4625 0.1 0.1015625
1 0.265625 0.4390625 0.1015625 0.115625
1 0.0859375 0.478125 0.128125 0.115625
1 0.29609375 0.51484375 0.10625 0.090625
1 0.14609375 0.5484375 0.084375 0.0875
1 0.215625 0.60703125 0.1046875 0.103125
1 0.7515625 0.28828125 0.103125 0.084375
1 0.57265625 0.26875 0.1390625 0.0921875
1 0.9390625 0.33671875 0.1140625 0.0921875
1 0.40078125 0.28984375 0.128125 0.09375