1 0.40390625 0.6859375 0.1453125 0.0765625
1 0.44375 0.571875 0.1328125 0.078125
1 0.4390625 0.7953125 0.134375 0.0984375
1 0.52109375 0.35859375 0.1359375 0.0671875
1 0.50546875 0.75 0.1109375 0.065625
1 0.51953125 0.6390625 0.1359375 0.0734375
1 0.5625 0.23046875 0.1203125 0.0625
1 0.575 0.465625 0.14375 0.0859375
1 0.57109375 0.534375 0.1140625 0.071875
1 0.64296875 0.3015625 0.146875 0.065625
1 0.625 0.6515625 0.1265625 0.0671875
1 0.6203125 0.76328125 0.115625 0.065625
1 0.621875 0.76015625 0.1265625 0.0734375
1 0.6921875 0.3890625 0.1453125 0.075
1 0.68203125 0.59609375 0.1296875 0.0640625
1 0.746875 0.26875 0.1171875 0.0625
1 0.7 0.81875 0.115625 0.065625
1 0.73359375 0.7125 0.10625 0.053125