1 0.60546875 0.3078125 0.159375 0.0828125
1 0.56171875 0.4328125 0.146875 0.0859375
1 0.5671875 0.18828125 0.1453125 0.10625
1 0.4765625 0.665625 0.1484375 0.075
1 0.49375 0.2375 0.1203125 0.071875
1 0.4796875 0.359375 0.1484375 0.0796875
1 0.43203125 0.80625 0.13125 0.0703125
1 0.41796875 0.5484375 0.15625 0.0953125
1 0.4234375 0.4734375 0.1234375 0.0765625
1 0.34375 0.728125 0.1609375 0.0734375
1 0.3640625 0.3453125 0.1390625 0.0734375
1 0.36796875 0.2234375 0.1265625 0.0734375
1 0.3671875 0.2265625 0.140625 0.0796875
1 0.28984375 0.63203125 0.1578125 0.08125
1 0.3015625 0.40546875 0.140625 0.0703125
1 0.2296875 0.76328125 0.128125 0.0703125
1 0.28125 0.1625 0.1265625 0.0734375
1 0.24375 0.278125 0.115625 0.05625