1 0.32890625 0.384375 0.0875 0.1515625
1 0.44296875 0.43359375 0.0890625 0.140625
1 0.215625 0.4125 0.1078125 0.1421875
1 0.65546875 0.528125 0.0796875 0.1421875
1 0.25625 0.484375 0.075 0.1171875
1 0.36953125 0.50546875 0.0828125 0.1421875
1 0.78359375 0.5796875 0.0734375 0.1265625
1 0.5421875 0.57578125 0.0984375 0.1515625
1 0.471875 0.565625 0.0796875 0.1203125
1 0.7046875 0.65625 0.078125 0.1515625
1 0.34921875 0.61328125 0.078125 0.1328125
1 0.2359375 0.60078125 0.0765625 0.1203125
1 0.2375 0.60234375 0.0828125 0.1328125
1 0.6125 0.70078125 0.0859375 0.1515625
1 0.40078125 0.675 0.075 0.1359375
1 0.73046875 0.76484375 0.0734375 0.1234375
1 0.17265625 0.678125 0.0765625 0.1203125
1 0.278125 0.7203125 0.059375 0.1109375