5 0.48359375 0.509375 0.096875 0.4578125
5 0.6484375 0.6328125 0.0625 0.153125
5 0.9171875 0.63828125 0.0578125 0.1515625
5 0.9296875 0.3984375 0.0515625 0.1609375
5 0.9375 0.1765625 0.0578125 0.1484375
5 0.91328125 0.8546875 0.0515625 0.1625
5 0.665625 0.16953125 0.05 0.153125
5 0.6640625 0.3890625 0.0546875 0.140625
5 0.64375 0.85625 0.0546875 0.140625
5 0.39453125 0.15625 0.05 0.1546875
5 0.3875 0.3828125 0.05 0.153125
5 0.3828125 0.61640625 0.05 0.1390625
5 0.37578125 0.840625 0.05 0.1609375
5 0.1265625 0.146875 0.05 0.1515625
5 0.12109375 0.37578125 0.05 0.1390625
5 0.11640625 0.60703125 0.05 0.1515625
5 0.10546875 0.8328125 0.0453125 0.1453125