5 0.5515625 0.5328125 0.1171875 0.4765625
5 0.38515625 0.3984375 0.0703125 0.159375
5 0.10625 0.3828125 0.065625 0.1578125
5 0.08515625 0.63046875 0.0578125 0.16875
5 0.06875 0.8609375 0.065625 0.1546875
5 0.11796875 0.16015625 0.0578125 0.1703125
5 0.35078125 0.878125 0.0578125 0.159375
5 0.359375 0.65 0.0625 0.146875
5 0.396875 0.16796875 0.0625 0.146875
5 0.63125 0.9015625 0.0578125 0.1625
5 0.6453125 0.66796875 0.0578125 0.159375
5 0.66015625 0.42578125 0.05625 0.14375
5 0.675 0.19375 0.0546875 0.16875
5 0.9078125 0.92109375 0.0578125 0.1578125
5 0.921875 0.684375 0.05625 0.14375
5 0.93515625 0.4453125 0.0578125 0.1578125
5 0.9546875 0.21171875 0.053125 0.153125