5 0.44921875 0.50859375 0.171875 0.4765625
5 0.59765625 0.6609375 0.0875 0.1640625
5 0.8703125 0.709375 0.0828125 0.1625
5 0.921875 0.46796875 0.0765625 0.1703125
5 0.96171875 0.24296875 0.0765625 0.1578125
5 0.83125 0.92109375 0.078125 0.1578125
5 0.68984375 0.1921875 0.0765625 0.1625
5 0.653125 0.415625 0.0796875 0.1515625
5 0.5578125 0.8875 0.0796875 0.1515625
5 0.415625 0.13515625 0.0765625 0.165625
5 0.37265625 0.3640625 0.0765625 0.1625
5 0.32890625 0.60078125 0.0734375 0.146875
5 0.28671875 0.82890625 0.075 0.16875
5 0.1453125 0.08203125 0.075 0.159375
5 0.10234375 0.3140625 0.0734375 0.146875
5 0.059375 0.54765625 0.075 0.159375
5 0.0234375 0.7765625 0.046875 0.153125