6 0.128125 0.05859375 0.25625 0.1078125
6 0.47734375 0.05546875 0.3015625 0.1109375
6 0.846875 0.053125 0.290625 0.10625
6 0.1328125 0.2515625 0.265625 0.159375
6 0.48671875 0.24609375 0.2921875 0.159375
6 0.8453125 0.23203125 0.2921875 0.1546875
6 0.134375 0.47734375 0.26875 0.1640625
6 0.4875 0.46796875 0.296875 0.1546875
6 0.85390625 0.46484375 0.2921875 0.1546875
6 0.1375 0.703125 0.271875 0.1546875
6 0.48984375 0.7015625 0.2921875 0.1546875
6 0.85625 0.68984375 0.2875 0.1546875
6 0.85546875 0.90390625 0.2890625 0.1546875
6 0.4984375 0.90703125 0.2921875 0.1546875
6 0.140625 0.91640625 0.26875 0.1546875