6 0.11015625 0.1140625 0.2203125 0.171875
6 0.44140625 0.08515625 0.3265625 0.1703125
6 0.81484375 0.065625 0.2921875 0.13125
6 0.125 0.33203125 0.25 0.1890625
6 0.471875 0.2953125 0.3171875 0.19375
6 0.834375 0.2484375 0.296875 0.184375
6 0.1375 0.56640625 0.275 0.1921875
6 0.49296875 0.52578125 0.3203125 0.1875
6 0.8578125 0.490625 0.284375 0.184375
6 0.1609375 0.8 0.278125 0.1828125
6 0.51640625 0.76875 0.315625 0.1875
6 0.8703125 0.7234375 0.259375 0.184375
6 0.87890625 0.91328125 0.2421875 0.1234375
6 0.5390625 0.94375 0.309375 0.1125
6 0.17890625 0.9640625 0.2671875 0.071875