6 0.0640625 0.8625 0.128125 0.259375
6 0.06953125 0.51640625 0.1390625 0.2984375
6 0.07578125 0.14765625 0.1453125 0.2953125
6 0.26484375 0.86484375 0.1578125 0.265625
6 0.27265625 0.51484375 0.1578125 0.2875
6 0.27109375 0.1609375 0.1515625 0.2875
6 0.4875 0.86796875 0.1625 0.2640625
6 0.49140625 0.52109375 0.1515625 0.29375
6 0.5015625 0.16015625 0.1515625 0.2875
6 0.71015625 0.86953125 0.1515625 0.2609375
6 0.7203125 0.52734375 0.1515625 0.2875
6 0.72265625 0.1640625 0.1515625 0.2875
6 0.92734375 0.1734375 0.1453125 0.2875
6 0.92265625 0.52578125 0.1515625 0.2875
6 0.91875 0.87265625 0.153125 0.2546875