3 0.14609375 0.85859375 0.0953125 0.2171875
3 0.08984375 0.5125 0.040625 0.096875
4 0.021875 0.21328125 0.0359375 0.0671875
3 0.31484375 0.04921875 0.0671875 0.0796875
3 0.34375 0.5171875 0.1484375 0.2109375
3 0.36796875 0.840625 0.075 0.2578125
3 0.8734375 0.6546875 0.1609375 0.2546875
3 0.58671875 0.3984375 0.1265625 0.1953125
3 0.5578125 0.07265625 0.11875 0.1453125
4 0.82734375 0.19296875 0.11875 0.159375
4 0.3234375 0.19375 0.078125 0.2140625
4 0.62109375 0.81953125 0.0984375 0.2875
4 0.6375 0.509375 0.1 0.2515625
4 0.6140625 0.1609375 0.096875 0.2390625
4 0.8828125 0.29453125 0.0859375 0.25
4 0.12421875 0.51328125 0.046875 0.090625