3 0.17890625 0.90546875 0.1171875 0.1890625
3 0.0875 0.58515625 0.05 0.0984375
4 0.00546875 0.29609375 0.0109375 0.0703125
3 0.2609375 0.09765625 0.075 0.096875
3 0.3390625 0.5640625 0.1671875 0.2203125
3 0.39765625 0.87578125 0.1015625 0.2484375
3 0.878125 0.6453125 0.184375 0.265625
3 0.56796875 0.4203125 0.14375 0.2046875
3 0.5015625 0.0890625 0.1375 0.178125
4 0.78359375 0.19296875 0.13125 0.165625
4 0.28671875 0.246875 0.096875 0.215625
4 0.64453125 0.834375 0.125 0.290625
4 0.62890625 0.52578125 0.1234375 0.2578125
4 0.5703125 0.1828125 0.1203125 0.2453125
4 0.84921875 0.2875 0.109375 0.2515625
4 0.121875 0.58359375 0.0546875 0.09375