3 0.02890625 0.85703125 0.0234375 0.01875
3 0.05859375 0.58125 0.0203125 0.0171875
3 0.61171875 0.93203125 0.0203125 0.0171875
3 0.62421875 0.64921875 0.0234375 0.01875
4 0.6328125 0.65859375 0.01875 0.0234375
4 0.62109375 0.940625 0.0203125 0.0234375
4 0.03984375 0.86953125 0.021875 0.0234375
4 0.07109375 0.59140625 0.0171875 0.0203125
4 0.1171875 0.31953125 0.0203125 0.0234375
4 0.13125 0.0375 0.0203125 0.0234375
4 0.65390625 0.384375 0.021875 0.0265625
3 0.64375 0.3734375 0.0203125 0.0171875
3 0.7484375 0.09140625 0.0171875 0.0140625
3 0.11953125 0.028125 0.0234375 0.015625
3 0.10546875 0.309375 0.0234375 0.021875