3 0.1515625 0.0515625 0.2203125 0.0984375
3 0.5078125 0.04375 0.0984375 0.0421875
4 0.8171875 0.02734375 0.0671875 0.0171875
3 0.94921875 0.3375 0.0953125 0.06875
3 0.46640625 0.2984375 0.2140625 0.15
3 0.14140625 0.278125 0.25625 0.0765625
3 0.253125 0.81328125 0.259375 0.1640625
3 0.55234375 0.56171875 0.1984375 0.128125
3 0.9015625 0.57890625 0.1796875 0.1234375
4 0.725 0.83203125 0.1609375 0.1203125
4 0.7953125 0.325 0.2171875 0.0796875
4 0.134375 0.5359375 0.26875 0.096875
4 0.43359375 0.59609375 0.25625 0.1015625
4 0.7875 0.621875 0.24375 0.0984375
4 0.61484375 0.87265625 0.2546875 0.0875
4 0.50234375 0.07890625 0.09375 0.0484375