3 0.84375 0.0734375 0.0234375 0.0171875
3 0.87890625 0.3328125 0.0203125 0.0171875
3 0.2921875 0.1390625 0.0203125 0.015625
3 0.34453125 0.4 0.0234375 0.0171875
4 0.334375 0.39375 0.01875 0.0234375
4 0.28125 0.13359375 0.0171875 0.0203125
4 0.8296875 0.06484375 0.021875 0.0234375
4 0.865625 0.3265625 0.0171875 0.0203125
4 0.88515625 0.58671875 0.0171875 0.0203125
4 0.93671875 0.84765625 0.0171875 0.0203125
4 0.378125 0.64921875 0.01875 0.025
3 0.38984375 0.6578125 0.01875 0.0171875
3 0.3578125 0.93984375 0.0171875 0.0125
3 0.95 0.85390625 0.021875 0.015625
3 0.89765625 0.59375 0.0234375 0.0203125