3 0.08671875 0.1359375 0.015625 0.0234375
3 0.34140625 0.11484375 0.0171875 0.0203125
3 0.121875 0.67734375 0.015625 0.0203125
3 0.3796875 0.63984375 0.015625 0.0234375
4 0.37265625 0.64921875 0.0234375 0.0171875
4 0.115625 0.68828125 0.0203125 0.0171875
4 0.07734375 0.1484375 0.0234375 0.0203125
4 0.334375 0.12734375 0.0203125 0.015625
4 0.5890625 0.12109375 0.0203125 0.0171875
4 0.846875 0.084375 0.0203125 0.0171875
4 0.625 0.61953125 0.0234375 0.0171875
3 0.63359375 0.60859375 0.0171875 0.0171875
3 0.9078125 0.65390625 0.0125 0.015625
3 0.85390625 0.071875 0.0140625 0.0203125
3 0.59609375 0.10859375 0.0171875 0.021875